4294967294,0
4294967279,562
4294967278,292
4294967279,543
4294967279,272
4294967279,44
4294967279,285
4294967279,335
4294967279,547
0,5
4294967279,334
4294967278,133
4294967278,358
4294967279,520
4294967278,285
4294967279,282
4294967279,266
4294967278,287
4294967279,546
4294967278,283
4294967279,519
4294967278,271
4294967279,518
4294967278,334
4294967279,279
4294967294,7
4294967294,6
4294967294,5
4294967278,357
4294967279,36
4294967279,34
4294967278,264
4294967294,1016
4294967294,27
4294967279,254
4294967294,25
4294967279,541
4294967294,436
4294967294,67
4294967294,93
4294967294,95
4294967294,43
4294967294,51
4294967294,52
4294967294,1018
4294967294,26
4294967294,92
4294967294,88
4294967294,81
4294967294,1101
4294967293,131
4294967293,130
4294967293,129
4294967293,128
4294967293,127
4294967293,126
4294967293,125
4294967293,124
4294967293,123
4294967293,122
4294967293,121
4294967293,120
4294967293,119
4294967293,118
4294967293,117
4294967293,116
4294967293,115
4294967293,114
4294967293,113
4294967293,112
4294967293,111
4294967293,110
4294967293,109
4294967293,108
4294967293,107
4294967293,106
4294967293,105
4294967293,104
4294967293,103
4294967293,102
4294967293,101
4294967293,100
4294967293,99
4294967293,98
4294967293,97
4294967293,96
4294967293,95
4294967293,94
4294967293,93
4294967293,92
4294967293,91
4294967293,90
4294967293,89
4294967293,87
4294967293,86
4294967293,85
4294967293,84
4294967293,83
4294967293,82
4294967293,81
4294967293,80
4294967293,79
4294967293,78
4294967293,77
4294967293,76
4294967293,75
4294967293,74
4294967293,73
4294967293,72
4294967293,71
4294967293,70
4294967293,69
4294967293,68
4294967293,67
4294967293,66
4294967293,65
4294967293,64
4294967293,63
4294967293,62
4294967293,61
4294967293,60
4294967293,59
4294967293,58
4294967293,57
4294967293,56
4294967293,55
4294967293,54
4294967293,53
4294967293,52
4294967293,51
4294967293,50
4294967293,49
4294967293,48
4294967293,47
4294967293,46
4294967293,45
4294967293,44
4294967293,43
4294967293,42
4294967293,41
4294967293,40
4294967293,39
4294967293,38
4294967293,37
4294967293,36
4294967293,35
4294967293,34
4294967293,33
4294967293,32
4294967293,31
4294967293,30
4294967293,29
4294967293,28
4294967293,27
4294967293,26
4294967293,25
4294967293,24
4294967293,23
4294967293,22
4294967293,21
4294967293,20
4294967293,19
4294967293,18
4294967293,17
4294967293,16
4294967293,15
4294967293,14
4294967293,13
4294967293,12
4294967293,11
4294967293,10
4294967293,9
4294967293,8
4294967293,7
4294967293,6
4294967293,5
4294967293,4
4294967293,3
4294967278,174
4294967278,308
4294967278,272
4294967278,341
4294967278,37
4294967278,36
4294967278,35
4294967278,34
4294967278,33
4294967278,32
4294967278,259
4294967278,29
4294967278,28
4294967278,27
4294967278,26
4294967278,25
4294967278,24
4294967278,23
4294967278,22
4294967278,21
4294967278,20
4294967278,19
4294967278,18
4294967278,17
4294967278,16
4294967278,14
4294967278,13
4294967278,12
4294967278,11
4294967278,9
4294967278,8
4294967278,5
4294967278,4
4294967279,132
4294967279,128
4294967279,127
4294967279,126
4294967279,125
4294967279,124
4294967279,123
4294967279,122
4294967279,121
4294967279,312
4294967279,120
4294967279,119
4294967279,118
4294967279,240
4294967279,116
4294967279,115
4294967279,113
4294967279,112
4294967279,111
4294967279,107
4294967279,105
4294967279,216
4294967279,103
4294967279,214
4294967279,102
4294967279,101
4294967279,100
4294967279,98
4294967279,97
4294967279,96
4294967279,307
4294967279,95
4294967279,94
4294967279,93
4294967279,92
4294967279,91
4294967279,533
4294967279,90
4294967279,89
4294967279,532
4294967279,87
4294967279,86
4294967279,85
4294967279,84
4294967279,83
4294967279,82
4294967279,81
4294967279,80
4294967279,530
4294967279,78
4294967279,77
4294967279,529
4294967279,76
4294967279,75
4294967279,320
4294967279,74
4294967279,73
4294967279,72
4294967279,234
4294967279,71
4294967279,527
4294967279,131
4294967279,321
4294967279,130
4294967279,319
4294967278,256
4294967279,129
4294967279,540
4294967279,317
4294967279,316
4294967279,539
4294967279,536
4294967278,254
4294967279,315
4294967278,321
4294967279,250
4294967278,253
4294967279,249
4294967278,250
4294967279,245
4294967279,243
4294967279,117
4294967279,242
4294967278,240
4294967279,239
4294967279,114
4294967279,238
4294967278,369
4294967279,235
4294967279,233
4294967279,308
4294967279,110
4294967279,230
4294967279,109
4294967279,228
4294967278,227
4294967279,108
4294967279,226
4294967278,224
4294967294,413
4294967294,1172
4294967294,178
4294967294,1005
4294967294,414
4294967294,168
4294967294,109
4294967294,116
4294967294,454
4294967294,462
4294967294,118
4294967294,191
4294967278,311
4294967279,106
4294967279,222
4294967279,104
4294967279,217
4294967279,218
4294967278,212
123,6
4294967278,214
123,5
123,4
4294967278,213
123,3
123,2
123,1
4294967278,349
4294967279,99
4294967279,535
4294967278,368
4294967279,210
4294967279,286
4294967278,383
4294967279,209
4294967279,208
4294967278,207
4294967279,207
4294967278,206
4294967278,205
4294967278,202
4294967278,204
4294967279,203
4294967278,201
4294967279,201
4294967278,200
4294967279,200
4294967279,569
4294967278,199
4294967278,198
4294967278,344
4294967279,197
4294967278,391
4294967278,195
120,7
4294967279,303
4294967278,192
4294967279,79
4294967278,191
4294967278,309
4294967279,551
4294967278,184
120,6
4294967278,186
120,5
120,4
4294967278,185
120,3
120,2
120,1
4294967279,182
4294967279,181
4294967278,180
4294967278,179
4294967278,303
4294967278,178
4294967279,177
4294967279,175
4294967279,172
4294967278,171
4294967279,171
4294967279,333
4294967278,169
